[ ---------- TEST 0 ---------- ]
Constructive Method: Greedy Randomized
0
1 
Local Search: Hill Climbing - First Improvement (2 Flip Bit)
100
0 
Local Search: Hill Climbing - Best Improvement (2 Flip Bit)
100
0 
Local Search: Random Descent - Random Selection (2 Flip Bit)
100
0 
Local Search: Hill Climbing - First Improvement (Interval Flip Bit)
100
0 1 
Local Search: Hill Climbing - Best Improvement (Interval Flip Bit)
100
0 1 
Local Search: Random Descent - Random Selection (Interval Flip Bit)
100
0 
Local Search: Hill Climbing - First Improvement (Interval Inversion)
100
0 
Local Search: Hill Climbing - Best Improvement (Interval Inversion)
100
0 
Local Search: Random Descent - Random Selection (Interval Inversion)
100
0 
[ ---------- TEST 1 ---------- ]
Constructive Method: Greedy Randomized
6
1 4 
Local Search: Hill Climbing - First Improvement (2 Flip Bit)
6
1 4 
Local Search: Hill Climbing - Best Improvement (2 Flip Bit)
6
1 4 
Local Search: Random Descent - Random Selection (2 Flip Bit)
6
1 4 
Local Search: Hill Climbing - First Improvement (Interval Flip Bit)
6
1 4 
Local Search: Hill Climbing - Best Improvement (Interval Flip Bit)
6
1 4 
Local Search: Random Descent - Random Selection (Interval Flip Bit)
6
1 4 
Local Search: Hill Climbing - First Improvement (Interval Inversion)
6
1 4 
Local Search: Hill Climbing - Best Improvement (Interval Inversion)
6
1 4 
Local Search: Random Descent - Random Selection (Interval Inversion)
6
1 4 
[ ---------- TEST 2 ---------- ]
Constructive Method: Greedy Randomized
589
2 27 58 75 76 88 114 123 164 184 
Local Search: Hill Climbing - First Improvement (2 Flip Bit)
589
2 27 58 75 76 88 114 123 164 184 
Local Search: Hill Climbing - Best Improvement (2 Flip Bit)
589
2 27 58 75 76 88 114 123 164 184 
Local Search: Random Descent - Random Selection (2 Flip Bit)
589
2 27 58 75 76 88 114 123 164 184 
Local Search: Hill Climbing - First Improvement (Interval Flip Bit)
589
2 27 58 75 76 88 114 123 164 184 
Local Search: Hill Climbing - Best Improvement (Interval Flip Bit)
589
2 27 58 75 76 88 114 123 164 184 
Local Search: Random Descent - Random Selection (Interval Flip Bit)
589
2 27 58 75 76 88 114 123 164 184 
Local Search: Hill Climbing - First Improvement (Interval Inversion)
589
2 27 58 75 76 88 114 123 164 184 
Local Search: Hill Climbing - Best Improvement (Interval Inversion)
589
2 27 58 75 76 88 114 123 164 184 
Local Search: Random Descent - Random Selection (Interval Inversion)
887
2 17 18 19 20 21 22 23 24 25 26 28 29 30 31 32 33 34 35 36 37 38 39 40 41 42 43 44 45 46 47 48 49 50 51 52 53 54 55 56 57 59 60 61 62 63 64 65 66 67 68 69 70 71 72 73 74 77 78 79 80 81 82 83 84 85 86 87 89 90 91 92 93 94 95 96 97 98 99 100 101 102 103 104 105 106 107 108 109 110 111 112 113 115 116 117 118 119 120 121 122 124 125 126 127 128 129 130 131 132 133 134 135 136 137 138 139 140 141 142 143 144 145 146 147 148 149 150 151 152 153 154 155 156 157 158 159 160 161 162 163 165 166 167 168 169 170 171 172 173 174 175 176 177 178 179 180 181 182 183 
[ ---------- TEST 3 ---------- ]
Constructive Method: Greedy Randomized
2739
2 4 6 8 11 13 15 17 19 21 22 25 26 28 31 32 34 35 36 37 38 39 40 41 42 43 46 47 49 50 51 52 54 55 56 58 62 63 64 65 67 70 73 74 76 77 78 81 82 87 90 92 93 94 99 
Local Search: Hill Climbing - First Improvement (2 Flip Bit)
2739
2 4 6 8 11 13 15 17 19 21 22 25 26 28 31 32 34 35 36 37 38 39 40 41 42 43 46 47 49 50 51 52 54 55 56 58 62 63 64 65 67 70 73 74 76 77 78 81 82 87 90 92 93 94 99 
Local Search: Hill Climbing - Best Improvement (2 Flip Bit)
2739
2 4 6 8 11 13 15 17 19 21 22 25 26 28 31 32 34 35 36 37 38 39 40 41 42 43 46 47 49 50 51 52 54 55 56 58 62 63 64 65 67 70 73 74 76 77 78 81 82 87 90 92 93 94 99 
Local Search: Random Descent - Random Selection (2 Flip Bit)
2739
2 4 6 8 11 13 15 17 19 21 22 25 26 28 31 32 34 35 36 37 38 39 40 41 42 43 46 47 49 50 51 52 54 55 56 58 62 63 64 65 67 70 73 74 76 77 78 81 82 87 90 92 93 94 99 
Local Search: Hill Climbing - First Improvement (Interval Flip Bit)
2739
2 4 6 8 11 13 15 17 19 21 22 25 26 28 31 32 34 35 36 37 38 39 40 41 42 43 46 47 49 50 51 52 54 55 56 58 62 63 64 65 67 70 73 74 76 77 78 81 82 87 90 92 93 94 99 
Local Search: Hill Climbing - Best Improvement (Interval Flip Bit)
2739
2 4 6 8 11 13 15 17 19 21 22 25 26 28 31 32 34 35 36 37 38 39 40 41 42 43 46 47 49 50 51 52 54 55 56 58 62 63 64 65 67 70 73 74 76 77 78 81 82 87 90 92 93 94 99 
Local Search: Random Descent - Random Selection (Interval Flip Bit)
2739
2 4 6 8 11 13 15 17 19 21 22 25 26 28 31 32 34 35 36 37 38 39 40 41 42 43 46 47 49 50 51 52 54 55 56 58 62 63 64 65 67 70 73 74 76 77 78 81 82 87 90 92 93 94 99 
Local Search: Hill Climbing - First Improvement (Interval Inversion)
2739
2 4 6 8 11 13 15 17 19 21 22 25 26 28 31 32 34 35 36 37 38 39 40 41 42 43 46 47 49 50 51 52 54 55 56 58 62 63 64 65 67 70 73 74 76 77 78 81 82 87 90 92 93 94 99 
Local Search: Hill Climbing - Best Improvement (Interval Inversion)
2739
2 4 6 8 11 13 15 17 19 21 22 25 26 28 31 32 34 35 36 37 38 39 40 41 42 43 46 47 49 50 51 52 54 55 56 58 62 63 64 65 67 70 73 74 76 77 78 81 82 87 90 92 93 94 99 
Local Search: Random Descent - Random Selection (Interval Inversion)
2739
2 4 6 8 11 13 15 17 19 21 22 25 26 28 31 32 34 35 36 37 38 39 40 41 42 43 46 47 49 50 51 52 54 55 56 58 62 63 64 65 67 70 73 74 76 77 78 81 82 87 90 92 93 94 99 
[ ---------- TEST 4 ---------- ]
Constructive Method: Greedy Randomized
10629
2 15 17 23 28 32 37 39 53 54 57 60 63 68 75 80 81 90 101 102 103 106 118 121 141 155 160 161 165 166 172 173 177 195 196 200 205 207 208 209 210 217 226 235 236 239 243 254 258 263 270 274 277 287 294 295 298 301 304 311 317 330 332 333 335 342 344 352 358 364 369 377 380 387 394 412 416 417 419 423 424 446 456 459 462 470 474 476 478 481 482 483 484 490 491 499 505 509 511 512 513 514 516 525 535 540 542 551 554 565 568 569 571 573 574 575 600 601 617 623 630 635 646 648 652 658 659 660 661 662 667 671 673 675 677 679 681 684 693 694 696 702 706 710 715 728 732 739 741 743 746 749 750 752 753 756 763 768 771 775 784 785 792 797 800 809 813 827 832 836 851 859 860 861 863 883 885 890 893 897 904 913 914 918 924 926 932 936 945 947 957 962 964 968 974 975 976 981 987 992 995 
Local Search: Hill Climbing - First Improvement (2 Flip Bit)
10629
2 15 17 23 28 32 37 39 53 54 57 60 63 68 75 80 81 90 101 102 103 106 118 121 141 155 160 161 165 166 172 173 177 195 196 200 205 207 208 209 210 217 226 235 236 239 243 254 258 263 270 274 277 287 294 295 298 301 304 311 317 330 332 333 335 342 344 352 358 364 369 377 380 387 394 412 416 417 419 423 424 446 456 459 462 470 474 476 478 481 482 483 484 490 491 499 505 509 511 512 513 514 516 525 535 540 542 551 554 565 568 569 571 573 574 575 600 601 617 623 630 635 646 648 652 658 659 660 661 662 667 671 673 675 677 679 681 684 693 694 696 702 706 710 715 728 732 739 741 743 746 749 750 752 753 756 763 768 771 775 784 785 792 797 800 809 813 827 832 836 851 859 860 861 863 883 885 890 893 897 904 913 914 918 924 926 932 936 945 947 957 962 964 968 974 975 976 981 987 992 995 
Local Search: Hill Climbing - Best Improvement (2 Flip Bit)
10629
2 15 17 23 28 32 37 39 53 54 57 60 63 68 75 80 81 90 101 102 103 106 118 121 141 155 160 161 165 166 172 173 177 195 196 200 205 207 208 209 210 217 226 235 236 239 243 254 258 263 270 274 277 287 294 295 298 301 304 311 317 330 332 333 335 342 344 352 358 364 369 377 380 387 394 412 416 417 419 423 424 446 456 459 462 470 474 476 478 481 482 483 484 490 491 499 505 509 511 512 513 514 516 525 535 540 542 551 554 565 568 569 571 573 574 575 600 601 617 623 630 635 646 648 652 658 659 660 661 662 667 671 673 675 677 679 681 684 693 694 696 702 706 710 715 728 732 739 741 743 746 749 750 752 753 756 763 768 771 775 784 785 792 797 800 809 813 827 832 836 851 859 860 861 863 883 885 890 893 897 904 913 914 918 924 926 932 936 945 947 957 962 964 968 974 975 976 981 987 992 995 
Local Search: Random Descent - Random Selection (2 Flip Bit)
10629
2 15 17 23 28 32 37 39 53 54 57 60 63 68 75 80 81 90 101 102 103 106 118 121 141 155 160 161 165 166 172 173 177 195 196 200 205 207 208 209 210 217 226 235 236 239 243 254 258 263 270 274 277 287 294 295 298 301 304 311 317 330 332 333 335 342 344 352 358 364 369 377 380 387 394 412 416 417 419 423 424 446 456 459 462 470 474 476 478 481 482 483 484 490 491 499 505 509 511 512 513 514 516 525 535 540 542 551 554 565 568 569 571 573 574 575 600 601 617 623 630 635 646 648 652 658 659 660 661 662 667 671 673 675 677 679 681 684 693 694 696 702 706 710 715 728 732 739 741 743 746 749 750 752 753 756 763 768 771 775 784 785 792 797 800 809 813 827 832 836 851 859 860 861 863 883 885 890 893 897 904 913 914 918 924 926 932 936 945 947 957 962 964 968 974 975 976 981 987 992 995 
Local Search: Hill Climbing - First Improvement (Interval Flip Bit)
10629
2 15 17 23 28 32 37 39 53 54 57 60 63 68 75 80 81 90 101 102 103 106 118 121 141 155 160 161 165 166 172 173 177 195 196 200 205 207 208 209 210 217 226 235 236 239 243 254 258 263 270 274 277 287 294 295 298 301 304 311 317 330 332 333 335 342 344 352 358 364 369 377 380 387 394 412 416 417 419 423 424 446 456 459 462 470 474 476 478 481 482 483 484 490 491 499 505 509 511 512 513 514 516 525 535 540 542 551 554 565 568 569 571 573 574 575 600 601 617 623 630 635 646 648 652 658 659 660 661 662 667 671 673 675 677 679 681 684 693 694 696 702 706 710 715 728 732 739 741 743 746 749 750 752 753 756 763 768 771 775 784 785 792 797 800 809 813 827 832 836 851 859 860 861 863 883 885 890 893 897 904 913 914 918 924 926 932 936 945 947 957 962 964 968 974 975 976 981 987 992 995 
Local Search: Hill Climbing - Best Improvement (Interval Flip Bit)
10629
2 15 17 23 28 32 37 39 53 54 57 60 63 68 75 80 81 90 101 102 103 106 118 121 141 155 160 161 165 166 172 173 177 195 196 200 205 207 208 209 210 217 226 235 236 239 243 254 258 263 270 274 277 287 294 295 298 301 304 311 317 330 332 333 335 342 344 352 358 364 369 377 380 387 394 412 416 417 419 423 424 446 456 459 462 470 474 476 478 481 482 483 484 490 491 499 505 509 511 512 513 514 516 525 535 540 542 551 554 565 568 569 571 573 574 575 600 601 617 623 630 635 646 648 652 658 659 660 661 662 667 671 673 675 677 679 681 684 693 694 696 702 706 710 715 728 732 739 741 743 746 749 750 752 753 756 763 768 771 775 784 785 792 797 800 809 813 827 832 836 851 859 860 861 863 883 885 890 893 897 904 913 914 918 924 926 932 936 945 947 957 962 964 968 974 975 976 981 987 992 995 
Local Search: Random Descent - Random Selection (Interval Flip Bit)
10629
2 15 17 23 28 32 37 39 53 54 57 60 63 68 75 80 81 90 101 102 103 106 118 121 141 155 160 161 165 166 172 173 177 195 196 200 205 207 208 209 210 217 226 235 236 239 243 254 258 263 270 274 277 287 294 295 298 301 304 311 317 330 332 333 335 342 344 352 358 364 369 377 380 387 394 412 416 417 419 423 424 446 456 459 462 470 474 476 478 481 482 483 484 490 491 499 505 509 511 512 513 514 516 525 535 540 542 551 554 565 568 569 571 573 574 575 600 601 617 623 630 635 646 648 652 658 659 660 661 662 667 671 673 675 677 679 681 684 693 694 696 702 706 710 715 728 732 739 741 743 746 749 750 752 753 756 763 768 771 775 784 785 792 797 800 809 813 827 832 836 851 859 860 861 863 883 885 890 893 897 904 913 914 918 924 926 932 936 945 947 957 962 964 968 974 975 976 981 987 992 995 
Local Search: Hill Climbing - First Improvement (Interval Inversion)
10629
2 15 17 23 28 32 37 39 53 54 57 60 63 68 75 80 81 90 101 102 103 106 118 121 141 155 160 161 165 166 172 173 177 195 196 200 205 207 208 209 210 217 226 235 236 239 243 254 258 263 270 274 277 287 294 295 298 301 304 311 317 330 332 333 335 342 344 352 358 364 369 377 380 387 394 412 416 417 419 423 424 446 456 459 462 470 474 476 478 481 482 483 484 490 491 499 505 509 511 512 513 514 516 525 535 540 542 551 554 565 568 569 571 573 574 575 600 601 617 623 630 635 646 648 652 658 659 660 661 662 667 671 673 675 677 679 681 684 693 694 696 702 706 710 715 728 732 739 741 743 746 749 750 752 753 756 763 768 771 775 784 785 792 797 800 809 813 827 832 836 851 859 860 861 863 883 885 890 893 897 904 913 914 918 924 926 932 936 945 947 957 962 964 968 974 975 976 981 987 992 995 
Local Search: Hill Climbing - Best Improvement (Interval Inversion)
10629
2 15 17 23 28 32 37 39 53 54 57 60 63 68 75 80 81 90 101 102 103 106 118 121 141 155 160 161 165 166 172 173 177 195 196 200 205 207 208 209 210 217 226 235 236 239 243 254 258 263 270 274 277 287 294 295 298 301 304 311 317 330 332 333 335 342 344 352 358 364 369 377 380 387 394 412 416 417 419 423 424 446 456 459 462 470 474 476 478 481 482 483 484 490 491 499 505 509 511 512 513 514 516 525 535 540 542 551 554 565 568 569 571 573 574 575 600 601 617 623 630 635 646 648 652 658 659 660 661 662 667 671 673 675 677 679 681 684 693 694 696 702 706 710 715 728 732 739 741 743 746 749 750 752 753 756 763 768 771 775 784 785 792 797 800 809 813 827 832 836 851 859 860 861 863 883 885 890 893 897 904 913 914 918 924 926 932 936 945 947 957 962 964 968 974 975 976 981 987 992 995 
Local Search: Random Descent - Random Selection (Interval Inversion)
10629
2 15 17 23 28 32 37 39 53 54 57 60 63 68 75 80 81 90 101 102 103 106 118 121 141 155 160 161 165 166 172 173 177 195 196 200 205 207 208 209 210 217 226 235 236 239 243 254 258 263 270 274 277 287 294 295 298 301 304 311 317 330 332 333 335 342 344 352 358 364 369 377 380 387 394 412 416 417 419 423 424 446 456 459 462 470 474 476 478 481 482 483 484 490 491 499 505 509 511 512 513 514 516 525 535 540 542 551 554 565 568 569 571 573 574 575 600 601 617 623 630 635 646 648 652 658 659 660 661 662 667 671 673 675 677 679 681 684 693 694 696 702 706 710 715 728 732 739 741 743 746 749 750 752 753 756 763 768 771 775 784 785 792 797 800 809 813 827 832 836 851 859 860 861 863 883 885 890 893 897 904 913 914 918 924 926 932 936 945 947 957 962 964 968 974 975 976 981 987 992 995 
