5
2 10
100 0
10 10
5 10
1 1 1 5 5
1 2 3 7 8
200 500
23 45 67 89 12 34 56 78 90 21 43 65 87 19 32 54 76 98 20 42 64 86 18 31 53 75 97 29 41 63 85 17 30 52 74 96 28 40 62 84 16 29 51 73 95 27 39 61 83 15 23 45 67 89 12 34 56 78 90 21 43 65 87 19 32 54 76 98 20 42 64 86 18 31 53 75 97 29 41 63 85 17 30 52 74 96 28 40 62 84 16 29 51 73 95 27 39 61 83 15 23 45 67 89 12 34 56 78 90 21 43 65 87 19 32 54 76 98 20 42 64 86 18 31 53 75 97 29 41 63 85 17 30 52 74 96 28 40 62 84 16 29 51 73 95 27 39 61 83 15 23 45 67 89 12 34 56 78 90 21 43 65 87 19 32 54 76 98 20 42 64 86 18 31 53 75 97 29 41 63 85 17 30 52 74 96 28 40 62 84 16 29 51 73 95 27 39 61 83 15
10 20 30 40 50 15 25 35 45 10 20 30 40 50 15 25 35 45 10 20 30 40 50 15 25 35 45 10 20 30 40 50 15 25 35 45 10 20 30 40 50 15 25 35 45 10 20 30 40 50 23 45 67 89 12 34 56 78 90 21 43 65 87 19 32 54 76 98 20 42 64 86 18 31 53 75 97 29 41 63 85 17 30 52 74 96 28 40 62 84 16 29 51 73 95 27 39 61 83 15 10 20 30 40 50 15 25 35 45 10 20 30 40 50 15 25 35 45 10 20 30 40 50 15 25 35 45 10 20 30 40 50 15 25 35 45 10 20 30 40 50 15 25 35 45 10 20 30 40 50 23 45 67 89 12 34 56 78 90 21 43 65 87 19 32 54 76 98 20 42 64 86 18 31 53 75 97 29 41 63 85 17 30 52 74 96 28 40 62 84 16 29 51 73 95 27 39 61 83 15
100 1000
6 50 75 11 54 40 45 78 4 66 13 42 6 66 32 96 89 77 41 91 29 71 24 38 56 83 57 83 80 53 40 9 66 41 71 46 91 9 43 70 44 41 72 88 15 22 14 14 15 35 66 79 23 51 54 22 21 3 19 86 82 85 39 38 35 88 73 28 86 27 79 78 28 64 92 28 5 62 1 28 98 42 44 39 22 10 92 34 48 77 38 85 9 48 67 90 25 49 44 64 
62 69 65 39 55 92 9 22 39 71 5 51 53 21 20 53 45 55 2 82 21 38 32 12 4 8 87 45 29 24 42 29 64 89 84 48 93 74 78 11 41 42 90 50 4 41 26 72 80 1 63 81 60 42 98 61 53 40 1 69 44 19 88 48 95 18 23 88 23 55 65 70 35 67 81 86 43 62 32 31 40 20 23 80 23 62 52 40 66 37 67 95 97 47 87 68 3 14 58 88
1000 5000
93 58 94 38 60 56 86 86 88 32 74 75 64 59 71 11 19 20 90 88 39 34 12 7 8 10 67 40 69 99 77 100 27 53 37 99 41 94 38 63 94 38 54 57 58 37 3 56 24 4 27 85 64 65 98 67 15 52 12 56 92 52 49 83 52 10 53 53 33 15 28 86 82 83 10 29 72 52 32 46 78 76 64 37 78 26 56 82 45 66 91 49 36 46 65 75 23 24 64 97 73 29 86 23 74 28 46 56 31 81 80 77 97 87 85 79 47 10 8 6 74 88 50 82 66 42 14 37 32 5 81 79 56 37 37 22 92 48 58 47 14 94 4 70 46 23 33 2 6 92 67 14 27 92 11 29 22 18 20 28 93 17 81 37 39 16 100 15 83 22 65 2 66 83 83 40 71 96 35 72 78 32 82 74 1 37 75 52 65 71 92 64 91 74 54 81 80 25 34 15 84 31 88 83 49 75 76 49 98 66 35 24 94 59 13 29 23 75 28 63 75 40 36 70 19 8 75 3 24 65 1 31 5 1 76 58 19 64 13 23 92 53 46 34 59 18 28 56 22 23 4 21 16 54 25 96 19 55 80 70 65 57 54 55 86 69 94 86 36 81 37 23 48 34 91 83 90 28 23 12 43 24 19 87 81 17 72 94 34 48 77 43 21 53 66 6 84 86 67 58 19 78 44 71 6 17 84 78 80 5 29 4 13 81 8 94 82 28 100 40 64 11 46 71 36 19 30 26 2 27 30 49 78 40 27 100 37 16 55 95 50 98 91 44 13 65 38 20 17 17 83 20 72 19 71 17 28 45 72 54 94 55 61 14 43 84 67 84 38 87 27 79 2 59 19 26 76 76 59 20 52 50 80 21 10 72 7 77 88 98 14 46 71 27 97 35 73 27 8 90 55 71 45 21 72 11 19 87 22 36 11 46 97 77 42 53 13 3 100 19 26 60 2 19 26 32 96 87 44 81 25 89 41 34 75 43 1 25 5 59 59 98 82 34 45 55 3 60 1 10 57 72 86 28 33 58 28 8 11 66 63 18 58 78 65 42 57 68 68 46 1 91 85 55 71 13 26 88 54 100 86 21 87 38 25 93 47 82 100 19 73 73 29 33 29 55 11 51 85 67 1 43 45 94 76 7 78 12 34 44 8 63 53 39 16 80 33 3 87 40 37 73 76 73 51 100 100 94 72 39 57 14 31 95 30 43 70 5 90 2 62 96 36 29 90 64 34 48 88 29 97 22 96 2 53 3 43 53 51 66 37 31 53 83 12 61 95 20 54 15 89 64 87 75 78 64 64 59 53 29 87 95 64 99 55 66 99 93 78 63 59 92 93 32 15 91 89 33 39 48 40 12 28 55 17 93 59 81 53 52 8 48 1 85 84 26 99 41 86 20 31 95 58 56 62 53 61 45 80 47 15 70 77 40 15 88 44 55 1 75 56 100 1 87 30 75 59 24 2 3 18 17 6 87 97 8 62 21 83 67 59 90 68 68 1 99 53 92 99 67 69 23 7 36 34 46 35 16 77 76 15 79 27 18 92 29 68 71 51 29 71 18 59 20 82 25 94 18 89 60 87 66 20 96 88 34 4 25 51 75 71 93 92 66 25 89 81 15 75 6 44 13 53 31 18 61 9 87 59 61 17 85 6 4 75 39 99 75 61 95 25 6 37 46 2 4 2 40 78 29 48 90 43 2 63 47 58 23 13 64 84 32 64 37 56 3 51 70 77 79 10 14 18 62 62 95 39 39 89 32 16 65 91 73 95 70 62 48 75 62 12 66 30 36 36 75 52 52 33 1 28 78 76 30 26 76 49 50 52 74 39 100 46 90 52 17 1 33 41 65 82 78 42 55 50 20 27 53 74 53 73 21 56 85 6 42 66 68 45 78 69 74 46 53 76 82 23 34 15 57 82 7 43 26 73 53 17 15 37 100 2 88 21 93 60 58 65 10 89 66 10 63 24 18 2 1 92 77 1 11 78 68 14 71 87 10 41 40 74 15 13 8 65 40 85 29 7 36 76 7 16 96 7 21 5 78 18 95 92 39 97 98 66 90 91 13 79 81 85 80 78 31 94 18 27 27 29 78 51 14 95 95 83 38 2 17 18 89 68 80 75 72 60 77 1 97 89 84 95 56 31 43 56 90 75 25 91 30 99 96 29 28 90 86 30 91 54 29 8 92 78 71 50 16 92 100 25 98 95 40 9 64 88 95 58 19 67 12 44 2 62 98 51 42 37 50 61 29 79 17 
29 43 75 79 55 52 84 22 46 41 72 97 66 1 36 5 23 3 61 63 99 45 23 13 38 65 82 68 14 89 88 37 57 73 68 91 95 93 86 99 45 54 54 91 64 56 84 82 4 84 38 100 41 35 99 94 66 39 54 58 7 91 96 100 79 92 89 1 99 98 56 42 55 23 31 85 6 25 66 66 2 37 61 52 37 47 44 24 18 26 45 29 36 87 83 27 85 48 39 44 99 53 17 41 73 20 50 83 28 76 80 21 60 46 95 78 49 94 41 98 79 85 50 88 64 29 85 68 29 21 99 12 11 84 26 90 27 44 81 12 99 80 73 29 16 9 77 100 3 53 65 1 90 90 51 97 67 22 26 89 87 80 68 83 77 43 58 69 99 39 77 71 8 18 57 96 38 5 51 49 84 33 40 32 66 46 50 74 35 16 73 100 50 98 56 61 40 12 19 83 65 46 33 74 40 55 57 10 4 58 63 88 90 72 93 51 86 32 33 24 99 62 47 95 27 35 16 81 31 16 3 52 23 74 81 15 74 31 24 52 70 73 76 36 12 18 55 76 42 83 36 83 20 12 24 10 30 13 54 81 31 50 45 100 81 7 9 33 87 93 79 75 75 80 30 70 16 18 75 49 75 58 2 3 44 59 7 19 59 94 78 38 46 84 82 11 28 13 86 13 43 81 9 7 68 40 77 43 98 60 67 38 2 67 66 69 61 48 67 4 54 22 72 81 23 18 36 80 100 21 37 91 4 12 16 41 19 49 81 25 42 59 86 4 59 12 21 9 54 62 73 60 30 82 33 82 48 32 34 81 94 68 80 100 2 70 48 3 53 73 31 36 50 76 90 6 92 78 61 62 94 94 22 45 1 77 55 41 71 71 43 11 10 35 31 18 52 51 1 4 51 26 46 19 25 84 38 42 16 13 73 38 87 87 69 78 59 80 68 87 5 44 38 12 69 28 65 79 47 40 100 78 33 18 77 65 35 83 78 24 85 95 38 10 26 86 100 29 40 84 97 97 95 37 62 48 62 40 26 96 69 10 45 4 52 71 6 35 93 1 97 19 100 95 64 45 5 44 2 56 39 82 82 25 75 9 18 15 6 84 49 32 84 81 58 98 92 39 33 38 93 24 66 29 24 75 61 23 17 74 96 39 50 65 82 20 73 14 99 52 96 1 16 45 89 69 3 88 85 95 29 25 69 9 6 61 13 90 4 93 62 5 24 69 86 88 82 11 18 55 76 67 13 54 47 78 44 9 14 26 87 76 88 60 83 67 41 55 31 78 31 7 7 40 57 12 73 79 3 43 13 65 71 45 26 87 63 13 81 89 31 97 30 38 36 91 63 74 99 12 15 87 16 44 48 94 22 6 5 67 71 29 26 69 49 51 3 92 72 53 86 44 74 44 88 5 100 41 73 32 92 18 2 39 16 9 12 77 89 68 25 57 27 70 42 83 81 43 12 83 5 59 3 21 8 84 36 54 84 35 57 89 74 20 6 78 83 18 64 68 50 71 48 93 96 68 49 22 23 95 36 17 91 99 4 41 89 56 97 50 14 12 52 81 56 21 74 52 39 41 11 2 67 55 7 86 78 100 47 64 60 98 73 56 84 54 22 17 85 41 93 63 5 80 84 3 42 21 14 48 51 8 33 95 36 31 48 49 45 10 98 91 72 22 52 78 49 38 97 28 7 2 6 63 31 74 37 67 96 87 23 41 23 85 46 36 48 1 50 51 92 59 32 33 18 66 67 95 2 70 100 90 40 15 68 8 52 72 41 54 91 46 22 49 11 40 34 76 27 80 3 24 13 1 74 9 39 22 80 91 40 14 49 23 35 37 69 1 1 56 44 1 90 53 95 93 4 52 36 32 19 57 45 36 72 85 30 8 64 51 16 33 22 49 96 19 83 76 61 92 65 64 97 51 72 94 47 12 72 35 39 23 40 85 64 15 26 96 58 34 9 82 38 92 38 11 35 41 29 13 79 45 98 92 51 23 26 58 81 20 53 33 14 44 68 38 13 1 91 92 32 59 17 19 18 44 11 55 1 77 7 96 49 25 4 81 11 27 65 62 7 15 12 70 65 49 76 11 34 45 89 74 17 100 3 21 1 92 74 22 97 86 41 87 94 5 14 72 66 59 70 34 40 67 84 68 1 66 97 68 71 89 76 83 25 33 90 91 44 70 46 99 34 29 23 57 69 100 38 35 90 80 65 53 72 40 97 64 73 72 8 60 14 90 24 66 33 57 5 87 