3
2 10
100 0
10 10
5 10
1 1 1 5 5
1 2 3 7 8
100 10000
2394 1530 966 120 4492 3186 2651 4876 701 2273 1734 2764 953 1283 1540 4484 4424 314 2648 1023 4356 3366 2849 503 3215 3936 2657 1080 3407 2469 4067 1740 2275 2255 580 3123 3767 1796 3135 4195 1778 1592 3549 536 488 4057 4288 3457 1973 4563 1881 1474 1805 4521 2077 2380 4548 2977 4118 945 2764 287 4699 1100 4575 2947 4202 3108 2719 2833 2253 3370 3044 109 4712 2064 1523 38 2104 2308 4928 2421 588 1322 2664 209 4897 3246 3715 351 36 1280 3913 1881 3300 2099 4526 3190 1698 1502 
4658 2575 4133 4477 4774 4761 205 1097 1417 183 3890 4157 3512 2948 4514 3902 1680 3963 4733 2067 3585 301 4227 3821 3579 685 2738 4903 3965 3963 3666 1108 2097 3487 2630 2819 1643 2047 2396 4463 882 2763 2524 3955 1895 2023 3657 1595 3356 1616 1582 4294 375 3196 748 4640 2174 3840 2678 1200 4315 836 3108 2620 835 926 2196 4285 3913 2782 4988 4656 1022 1793 3030 528 1905 1945 1610 4247 1442 1401 3225 1128 1777 3698 1849 2757 722 3709 3385 2255 3107 1508 4385 4354 760 173 743 4440
